{
  "generatedFrom": "C:\\Users\\hclevenger\\Desktop\\Paul Asset Allocation\\inputs\\matrix-usd.xlsx",
  "cashTarget": 0.01,
  "categories": [
    "Equity",
    "Fixed Income",
    "Alternatives",
    "Cash"
  ],
  "assets": [
    {
      "name": "U.S. Large Cap",
      "category": "Equity",
      "sourceNames": [
        "U.S. Large Cap"
      ],
      "return": 0.067,
      "volatility": 0.16470142484350958,
      "minWeight": 0.2,
      "maxWeight": 0.45,
      "sourceMapping": "U.S. Large Cap"
    },
    {
      "name": "U.S. Mid Cap",
      "category": "Equity",
      "sourceNames": [
        "U.S. Mid Cap"
      ],
      "return": 0.07,
      "volatility": 0.18562979265648727,
      "minWeight": 0.0,
      "maxWeight": 0.2,
      "sourceMapping": "U.S. Mid Cap"
    },
    {
      "name": "U.S. Small Cap",
      "category": "Equity",
      "sourceNames": [
        "U.S. Small Cap"
      ],
      "return": 0.069,
      "volatility": 0.2109707128132829,
      "minWeight": 0.0,
      "maxWeight": 0.05,
      "sourceMapping": "U.S. Small Cap"
    },
    {
      "name": "International Developed Equity",
      "category": "Equity",
      "sourceNames": [
        "EAFE Equity"
      ],
      "return": 0.081,
      "volatility": 0.17629456614025432,
      "minWeight": 0.1,
      "maxWeight": 0.2,
      "sourceMapping": "EAFE Equity"
    },
    {
      "name": "Emerging Markets Equity",
      "category": "Equity",
      "sourceNames": [
        "Emerging Markets Equity"
      ],
      "return": 0.072,
      "volatility": 0.20933182803592407,
      "minWeight": 0.0,
      "maxWeight": 0.1,
      "sourceMapping": "Emerging Markets Equity"
    },
    {
      "name": "U.S. REITs",
      "category": "Alternatives",
      "sourceNames": [
        "U.S. REITs"
      ],
      "return": 0.08,
      "volatility": 0.17396878635082713,
      "minWeight": 0.0,
      "maxWeight": 0.03,
      "sourceMapping": "U.S. REITs"
    },
    {
      "name": "Commodities",
      "category": "Alternatives",
      "sourceNames": [
        "Commodities"
      ],
      "return": 0.038,
      "volatility": 0.1831843108236745,
      "minWeight": 0.0,
      "maxWeight": 0.03,
      "sourceMapping": "Commodities"
    },
    {
      "name": "Income U.S. - U.S. Treasury",
      "category": "Fixed Income",
      "sourceNames": [
        "U.S. Intermediate Treasuries",
        "U.S. Long Treasuries",
        "TIPS"
      ],
      "return": 0.04066666666666666,
      "volatility": 0.0676023850617224,
      "minWeight": 0.0,
      "maxWeight": 0.45,
      "sourceMapping": "Equal-weight U.S. Intermediate Treasuries, U.S. Long Treasuries, and TIPS"
    },
    {
      "name": "Income U.S. Government Related",
      "category": "Fixed Income",
      "sourceNames": [
        "U.S. Aggregate Bonds",
        "U.S. Muni 1-15 Yr Blend"
      ],
      "return": 0.040999999999999995,
      "volatility": 0.04155805259925415,
      "minWeight": 0.0,
      "maxWeight": 0.35,
      "sourceMapping": "Equal-weight U.S. Aggregate Bonds and U.S. Muni 1-15 Yr Blend"
    },
    {
      "name": "Income U.S. Corporate",
      "category": "Fixed Income",
      "sourceNames": [
        "U.S. Inv Grade Corporate Bonds",
        "U.S. High Yield Bonds"
      ],
      "return": 0.0555,
      "volatility": 0.07371002061513575,
      "minWeight": 0.0,
      "maxWeight": 0.4,
      "sourceMapping": "Equal-weight U.S. Investment Grade Corporate Bonds and U.S. High Yield Bonds"
    },
    {
      "name": "Income U.S. Securitized",
      "category": "Fixed Income",
      "sourceNames": [
        "U.S. Securitized"
      ],
      "return": 0.049,
      "volatility": 0.04185940438750216,
      "minWeight": 0.0,
      "maxWeight": 0.03,
      "sourceMapping": "U.S. Securitized"
    },
    {
      "name": "Fixed Income International",
      "category": "Fixed Income",
      "sourceNames": [
        "World ex-U.S. Government Bonds hedged",
        "Emerging Markets Sovereign Debt",
        "Emerging Markets Corporate Bonds"
      ],
      "return": 0.05266666666666667,
      "volatility": 0.06020932811355845,
      "minWeight": 0.0,
      "maxWeight": 0.1,
      "sourceMapping": "Equal-weight World ex-U.S. Government Bonds hedged, Emerging Markets Sovereign Debt, and Emerging Markets Corporate Bonds"
    },
    {
      "name": "Other Fixed Income",
      "category": "Fixed Income",
      "sourceNames": [
        "U.S. Leveraged Loans",
        "Emerging Markets Local Currency Debt",
        "U.S. Muni High Yield"
      ],
      "return": 0.057999999999999996,
      "volatility": 0.0731350475003347,
      "minWeight": 0.0,
      "maxWeight": 0.01,
      "sourceMapping": "Equal-weight U.S. Leveraged Loans, Emerging Markets Local Currency Debt, and U.S. Muni High Yield"
    },
    {
      "name": "Cash",
      "category": "Cash",
      "sourceNames": [
        "U.S. Cash"
      ],
      "return": 0.031,
      "volatility": 0.006692990421794862,
      "minWeight": 0.01,
      "maxWeight": 0.01,
      "sourceMapping": "U.S. Cash"
    }
  ],
  "volatilityModel": {
    "anchorProfile": "Moderate",
    "anchorTarget": 0.13,
    "profiles": {
      "Conservative": {
        "offsetFromAnchor": -0.053,
        "halfWidth": 0.005
      },
      "Balanced": {
        "offsetFromAnchor": -0.025,
        "halfWidth": 0.005
      },
      "Moderate": {
        "offsetFromAnchor": 0.0,
        "halfWidth": 0.003
      },
      "Growth": {
        "offsetFromAnchor": 0.028,
        "halfWidth": 0.005
      },
      "Aggressive Growth": {
        "offsetFromAnchor": 0.055,
        "halfWidth": 0.005
      }
    }
  },
  "profiles": {
    "Conservative": {
      "targetVolMin": 0.07200000000000001,
      "targetVolMax": 0.08200000000000002,
      "categoryBounds": {
        "Equity": {
          "min": 0.3,
          "max": 0.5
        },
        "Fixed Income": {
          "min": 0.55,
          "max": 0.75
        },
        "Alternatives": {
          "min": 0.0,
          "max": 0.08
        },
        "Cash": {
          "min": 0.01,
          "max": 0.01
        }
      }
    },
    "Balanced": {
      "targetVolMin": 0.1,
      "targetVolMax": 0.11000000000000001,
      "categoryBounds": {
        "Equity": {
          "min": 0.55,
          "max": 0.65
        },
        "Fixed Income": {
          "min": 0.35,
          "max": 0.55
        },
        "Alternatives": {
          "min": 0.0,
          "max": 0.1
        },
        "Cash": {
          "min": 0.01,
          "max": 0.01
        }
      }
    },
    "Moderate": {
      "targetVolMin": 0.127,
      "targetVolMax": 0.133,
      "categoryBounds": {
        "Equity": {
          "min": 0.65,
          "max": 0.75
        },
        "Fixed Income": {
          "min": 0.25,
          "max": 0.4
        },
        "Alternatives": {
          "min": 0.0,
          "max": 0.1
        },
        "Cash": {
          "min": 0.01,
          "max": 0.01
        }
      }
    },
    "Growth": {
      "targetVolMin": 0.153,
      "targetVolMax": 0.163,
      "categoryBounds": {
        "Equity": {
          "min": 0.75,
          "max": 0.85
        },
        "Fixed Income": {
          "min": 0.1,
          "max": 0.25
        },
        "Alternatives": {
          "min": 0.0,
          "max": 0.1
        },
        "Cash": {
          "min": 0.01,
          "max": 0.01
        }
      }
    },
    "Aggressive Growth": {
      "targetVolMin": 0.18,
      "targetVolMax": 0.19,
      "categoryBounds": {
        "Equity": {
          "min": 0.9,
          "max": 1.0
        },
        "Fixed Income": {
          "min": 0.0,
          "max": 0.12
        },
        "Alternatives": {
          "min": 0.0,
          "max": 0.1
        },
        "Cash": {
          "min": 0.01,
          "max": 0.01
        }
      }
    }
  },
  "correlation": [
    [
      1.0,
      0.9569133506553145,
      0.8959276377852491,
      0.8744644481117605,
      0.7324630631558897,
      0.7706193825977469,
      0.4216306619072533,
      0.10743211261729144,
      0.3071200015338186,
      0.6983259989141707,
      0.2923488756479239,
      0.59421955217863,
      0.6710556179381703,
      0.009945165487468604
    ],
    [
      0.9569133506553145,
      1.0,
      0.9513695865046233,
      0.8659525921392494,
      0.741982190316949,
      0.7916837185869157,
      0.43746171751382507,
      0.08729906409424518,
      0.31027239829021963,
      0.7250654732200016,
      0.2883277815893281,
      0.591742937078827,
      0.6868682270739643,
      -0.023536406691057648
    ],
    [
      0.8959276377852491,
      0.9513695865046233,
      1.0,
      0.7837763491480659,
      0.6599315110534464,
      0.7542646511170409,
      0.3549810085491035,
      0.028340985602618884,
      0.23782686797123068,
      0.6345587185078307,
      0.2364076878415973,
      0.4986880177177947,
      0.5931288187871951,
      -0.03247890005172854
    ],
    [
      0.8744644481117605,
      0.8659525921392494,
      0.7837763491480659,
      1.0,
      0.8570081531218714,
      0.711912566558392,
      0.5008168531394112,
      0.11588849613398955,
      0.34551195334056795,
      0.7384709163408286,
      0.3318760883047859,
      0.6575538687749225,
      0.7569066807382476,
      0.049745689421181544
    ],
    [
      0.7324630631558897,
      0.741982190316949,
      0.6599315110534464,
      0.8570081531218714,
      1.0,
      0.5904385495689529,
      0.5443464480704072,
      0.11508809410062405,
      0.31708064585115003,
      0.696143149019375,
      0.30080604175658787,
      0.6623907921112744,
      0.7915132927462281,
      0.03184710511952802
    ],
    [
      0.7706193825977469,
      0.7916837185869157,
      0.7542646511170409,
      0.711912566558392,
      0.5904385495689529,
      1.0,
      0.2932707391798624,
      0.28648204848162373,
      0.4084381241780263,
      0.6777677052331663,
      0.4050266600179636,
      0.5927086001087079,
      0.6195361858166054,
      -0.046452609767631665
    ],
    [
      0.4216306619072533,
      0.43746171751382507,
      0.3549810085491035,
      0.5008168531394112,
      0.5443464480704072,
      0.2932707391798624,
      1.0,
      -0.08134730593213528,
      -0.02495117454554096,
      0.34609770520946687,
      -0.01071857270664211,
      0.25630475073349407,
      0.4559176998445884,
      -0.03367035015607306
    ],
    [
      0.10743211261729144,
      0.08729906409424518,
      0.028340985602618884,
      0.11588849613398955,
      0.11508809410062405,
      0.28648204848162373,
      -0.08134730593213528,
      1.0000000000000002,
      0.8260568680346978,
      0.45871367678361197,
      0.8211380495937595,
      0.5632506082224683,
      0.25770242704059665,
      0.06899190588693384
    ],
    [
      0.3071200015338186,
      0.31027239829021963,
      0.23782686797123068,
      0.34551195334056795,
      0.31708064585115003,
      0.4084381241780263,
      -0.02495117454554096,
      0.8260568680346978,
      0.9999999999999999,
      0.7018098813408346,
      0.8935389560837854,
      0.7585936485851053,
      0.54763453141304,
      0.08433016799215093
    ],
    [
      0.6983259989141707,
      0.7250654732200016,
      0.6345587185078307,
      0.7384709163408286,
      0.696143149019375,
      0.6777677052331663,
      0.34609770520946687,
      0.45871367678361197,
      0.7018098813408346,
      1.0,
      0.6262355807392757,
      0.8753993656346163,
      0.8384836984852594,
      -0.010963925337161508
    ],
    [
      0.2923488756479239,
      0.2883277815893281,
      0.2364076878415973,
      0.3318760883047859,
      0.30080604175658787,
      0.4050266600179636,
      -0.01071857270664211,
      0.8211380495937595,
      0.8935389560837854,
      0.6262355807392757,
      1.0,
      0.6718254426657956,
      0.4482926916947948,
      0.09983728802704654
    ],
    [
      0.59421955217863,
      0.591742937078827,
      0.4986880177177947,
      0.6575538687749225,
      0.6623907921112744,
      0.5927086001087079,
      0.25630475073349407,
      0.5632506082224683,
      0.7585936485851053,
      0.8753993656346164,
      0.6718254426657956,
      0.9999999999999999,
      0.8167027002674617,
      0.037108992857578585
    ],
    [
      0.6710556179381703,
      0.6868682270739643,
      0.5931288187871951,
      0.7569066807382476,
      0.7915132927462281,
      0.6195361858166054,
      0.4559176998445884,
      0.2577024270405966,
      0.54763453141304,
      0.8384836984852594,
      0.4482926916947948,
      0.8167027002674617,
      1.0,
      0.01830359088187611
    ],
    [
      0.009945165487468604,
      -0.023536406691057648,
      -0.03247890005172854,
      0.049745689421181544,
      0.03184710511952802,
      -0.046452609767631665,
      -0.03367035015607306,
      0.06899190588693384,
      0.08433016799215093,
      -0.010963925337161508,
      0.09983728802704654,
      0.037108992857578585,
      0.01830359088187611,
      1.0
    ]
  ],
  "currentOutputs": {
    "Conservative": {
      "return": 0.055137114945035016,
      "volatility": 0.08198555249244537,
      "sharpe": 0.2944069316024815,
      "weights": [
        0.17816233945201165,
        0.05481918136984974,
        0.013704795342462436,
        0.08222877205477461,
        0.02740959068492487,
        0.00297939752119189,
        0.00297939752119189,
        0.21080032591351996,
        0.16395580904384885,
        0.18737806747868446,
        0.014053355060901333,
        0.046844516869671116,
        0.004684451686967111,
        0.010000000000000002
      ]
    },
    "Balanced": {
      "return": 0.060704115133404186,
      "volatility": 0.10997433337647382,
      "sharpe": 0.27010043363225894,
      "weights": [
        0.29199286061008006,
        0.08984395711079386,
        0.022460989277698466,
        0.1347659356661908,
        0.04492197855539693,
        0.0002003017521822054,
        0.0002003017521822054,
        0.1362135476671373,
        0.10594387040777344,
        0.12107870903745539,
        0.009080903177809152,
        0.030269677259363848,
        0.0030269677259363846,
        0.010000000000000002
      ]
    },
    "Moderate": {
      "return": 0.06456194738439337,
      "volatility": 0.13089664045428498,
      "sharpe": 0.2564003725986743,
      "weights": [
        0.3699958967004309,
        0.11384489129244028,
        0.02846122282311007,
        0.17076733693866045,
        0.05692244564622014,
        1.8135265635738087e-06,
        1.8135265635738087e-06,
        0.08395676178783955,
        0.06529970361276409,
        0.07462823270030183,
        0.005597117452522637,
        0.01865705817507546,
        0.0018657058175075454,
        0.01
      ]
    },
    "Growth": {
      "return": 0.0677789992439181,
      "volatility": 0.14941994320596566,
      "sharpe": 0.24614518286371348,
      "weights": [
        0.42460336740963794,
        0.1306471899721963,
        0.03266179749304907,
        0.19597078495829445,
        0.06532359498609815,
        0.020339828813533137,
        0.020339828813533137,
        0.03362024134264633,
        0.02614907659983603,
        0.029884658971241186,
        0.0022413494228430884,
        0.0074711647428102965,
        0.0007471164742810295,
        0.010000000000000004
      ]
    },
    "Aggressive Growth": {
      "return": 0.07075163635411555,
      "volatility": 0.16573332845917504,
      "sharpe": 0.23985300195010287,
      "weights": [
        0.49498227839883546,
        0.15230223950733401,
        0.038075559876833504,
        0.22845335926100102,
        0.07615111975366701,
        8.180567278643901e-06,
        8.180567278643901e-06,
        6.408157087500263e-06,
        4.984122179166872e-06,
        5.696139633333569e-06,
        4.272104725000176e-07,
        1.4240349083333922e-06,
        1.424034908333392e-07,
        0.010000000000000002
      ]
    }
  }
}