{
  "generatedFrom": "C:\\Users\\hclevenger\\Desktop\\Paul Asset Allocation\\inputs\\matrix-usd.xlsx",
  "cashTarget": 0.01,
  "categories": [
    "Equity",
    "Fixed Income",
    "Alternatives",
    "Cash"
  ],
  "selectedAssumptionSet": "CORE",
  "assets": [
    {
      "name": "U.S. Large Cap",
      "category": "Equity",
      "sourceNames": [
        "U.S. Large Cap"
      ],
      "return": 0.059,
      "volatility": 0.1573507124217548,
      "minWeight": 0.0,
      "maxWeight": 0.45,
      "sourceMapping": "Average of available source assumptions"
    },
    {
      "name": "U.S. Mid Cap",
      "category": "Equity",
      "sourceNames": [
        "U.S. Mid Cap"
      ],
      "return": 0.061,
      "volatility": 0.16831489632824365,
      "minWeight": 0.0,
      "maxWeight": 0.1,
      "sourceMapping": "Average of available source assumptions"
    },
    {
      "name": "U.S. Small Cap",
      "category": "Equity",
      "sourceNames": [
        "U.S. Small Cap"
      ],
      "return": 0.063,
      "volatility": 0.20398535640664145,
      "minWeight": 0.0,
      "maxWeight": 0.03,
      "sourceMapping": "Average of available source assumptions"
    },
    {
      "name": "U.S. Value",
      "category": "Equity",
      "sourceNames": [
        "U.S. Equity Value Factor"
      ],
      "return": 0.0755,
      "volatility": 0.18350238454225057,
      "minWeight": 0.0,
      "maxWeight": 0.07,
      "sourceMapping": "Average of available source assumptions"
    },
    {
      "name": "U.S. Growth",
      "category": "Equity",
      "sourceNames": [
        "U.S. Large Cap"
      ],
      "return": 0.046,
      "volatility": 0.163,
      "minWeight": 0.0,
      "maxWeight": 0.07,
      "sourceMapping": "Average of available source assumptions"
    },
    {
      "name": "U.S. Income",
      "category": "Equity",
      "sourceNames": [
        "U.S. Equity Dividend Yield Factor"
      ],
      "return": 0.077,
      "volatility": 0.16356943364767593,
      "minWeight": 0.0,
      "maxWeight": 0.07,
      "sourceMapping": "Average of available source assumptions"
    },
    {
      "name": "U.S. Quality",
      "category": "Equity",
      "sourceNames": [
        "U.S. Equity Quality Factor"
      ],
      "return": 0.067,
      "volatility": 0.15107618227645836,
      "minWeight": 0.0,
      "maxWeight": 0.07,
      "sourceMapping": "Average of available source assumptions"
    },
    {
      "name": "International Developed Equity",
      "category": "Equity",
      "sourceNames": [
        "EAFE Equity"
      ],
      "return": 0.068,
      "volatility": 0.17814728307012717,
      "minWeight": 0.0,
      "maxWeight": 0.15,
      "sourceMapping": "Average of available source assumptions"
    },
    {
      "name": "Emerging Markets Equity",
      "category": "Equity",
      "sourceNames": [
        "Emerging Markets Equity"
      ],
      "return": 0.051,
      "volatility": 0.23016591401796205,
      "minWeight": 0.0,
      "maxWeight": 0.03,
      "sourceMapping": "Average of available source assumptions"
    },
    {
      "name": "U.S. REITs",
      "category": "Alternatives",
      "sourceNames": [
        "U.S. REITs"
      ],
      "return": 0.062,
      "volatility": 0.17648439317541356,
      "minWeight": 0.0,
      "maxWeight": 0.0,
      "sourceMapping": "Average of available source assumptions"
    },
    {
      "name": "Commodities",
      "category": "Alternatives",
      "sourceNames": [
        "Commodities"
      ],
      "return": 0.0475,
      "volatility": 0.17509215541183726,
      "minWeight": 0.0,
      "maxWeight": 0.0,
      "sourceMapping": "Average of available source assumptions"
    },
    {
      "name": "US Short Treasuries",
      "category": "Fixed Income",
      "sourceNames": [
        "U.S. Short Duration Government/Credit"
      ],
      "return": 0.0395,
      "volatility": 0.01666129054155747,
      "minWeight": 0.0,
      "maxWeight": 0.4,
      "sourceMapping": "Average of available source assumptions"
    },
    {
      "name": "US Intermediate Treasuries",
      "category": "Fixed Income",
      "sourceNames": [
        "U.S. Intermediate Treasuries"
      ],
      "return": 0.04,
      "volatility": 0.042905959374092625,
      "minWeight": 0.0,
      "maxWeight": 0.8,
      "sourceMapping": "Average of available source assumptions"
    },
    {
      "name": "US Long Treasuries",
      "category": "Fixed Income",
      "sourceNames": [
        "U.S. Long Treasuries"
      ],
      "return": 0.05,
      "volatility": 0.11707629730445407,
      "minWeight": 0.0,
      "maxWeight": 0.0,
      "sourceMapping": "Average of available source assumptions"
    },
    {
      "name": "Investment Grade Corporate",
      "category": "Fixed Income",
      "sourceNames": [
        "U.S. Inv Grade Corporate Bonds"
      ],
      "return": 0.049,
      "volatility": 0.06894108283296449,
      "minWeight": 0.0,
      "maxWeight": 0.15,
      "sourceMapping": "Average of available source assumptions"
    },
    {
      "name": "High Yield",
      "category": "Fixed Income",
      "sourceNames": [
        "U.S. High Yield Bonds"
      ],
      "return": 0.056499999999999995,
      "volatility": 0.0916902728607799,
      "minWeight": 0.0,
      "maxWeight": 0.05,
      "sourceMapping": "Average of available source assumptions"
    },
    {
      "name": "International Fixed Income (H)",
      "category": "Fixed Income",
      "sourceNames": [
        "World Government Bonds hedged"
      ],
      "return": 0.0445,
      "volatility": 0.04507631840875608,
      "minWeight": 0.0,
      "maxWeight": 0.0,
      "sourceMapping": "Average of available source assumptions"
    },
    {
      "name": "Cash",
      "category": "Cash",
      "sourceNames": [
        "U.S. Cash"
      ],
      "return": 0.033,
      "volatility": 0.00884649521089743,
      "minWeight": 0.01,
      "maxWeight": 0.01,
      "sourceMapping": "Average of available source assumptions"
    }
  ],
  "assumptionSets": {
    "CORE": [
      {
        "name": "U.S. Large Cap",
        "category": "Equity",
        "sourceNames": [
          "U.S. Large Cap"
        ],
        "return": 0.059,
        "volatility": 0.1573507124217548,
        "minWeight": 0.0,
        "maxWeight": 0.45,
        "sourceMapping": "Average of available source assumptions"
      },
      {
        "name": "U.S. Mid Cap",
        "category": "Equity",
        "sourceNames": [
          "U.S. Mid Cap"
        ],
        "return": 0.061,
        "volatility": 0.16831489632824365,
        "minWeight": 0.0,
        "maxWeight": 0.1,
        "sourceMapping": "Average of available source assumptions"
      },
      {
        "name": "U.S. Small Cap",
        "category": "Equity",
        "sourceNames": [
          "U.S. Small Cap"
        ],
        "return": 0.063,
        "volatility": 0.20398535640664145,
        "minWeight": 0.0,
        "maxWeight": 0.03,
        "sourceMapping": "Average of available source assumptions"
      },
      {
        "name": "U.S. Value",
        "category": "Equity",
        "sourceNames": [
          "U.S. Equity Value Factor"
        ],
        "return": 0.0755,
        "volatility": 0.18350238454225057,
        "minWeight": 0.0,
        "maxWeight": 0.07,
        "sourceMapping": "Average of available source assumptions"
      },
      {
        "name": "U.S. Growth",
        "category": "Equity",
        "sourceNames": [
          "U.S. Large Cap"
        ],
        "return": 0.046,
        "volatility": 0.163,
        "minWeight": 0.0,
        "maxWeight": 0.07,
        "sourceMapping": "Average of available source assumptions"
      },
      {
        "name": "U.S. Income",
        "category": "Equity",
        "sourceNames": [
          "U.S. Equity Dividend Yield Factor"
        ],
        "return": 0.077,
        "volatility": 0.16356943364767593,
        "minWeight": 0.0,
        "maxWeight": 0.07,
        "sourceMapping": "Average of available source assumptions"
      },
      {
        "name": "U.S. Quality",
        "category": "Equity",
        "sourceNames": [
          "U.S. Equity Quality Factor"
        ],
        "return": 0.067,
        "volatility": 0.15107618227645836,
        "minWeight": 0.0,
        "maxWeight": 0.07,
        "sourceMapping": "Average of available source assumptions"
      },
      {
        "name": "International Developed Equity",
        "category": "Equity",
        "sourceNames": [
          "EAFE Equity"
        ],
        "return": 0.068,
        "volatility": 0.17814728307012717,
        "minWeight": 0.0,
        "maxWeight": 0.15,
        "sourceMapping": "Average of available source assumptions"
      },
      {
        "name": "Emerging Markets Equity",
        "category": "Equity",
        "sourceNames": [
          "Emerging Markets Equity"
        ],
        "return": 0.051,
        "volatility": 0.23016591401796205,
        "minWeight": 0.0,
        "maxWeight": 0.03,
        "sourceMapping": "Average of available source assumptions"
      },
      {
        "name": "U.S. REITs",
        "category": "Alternatives",
        "sourceNames": [
          "U.S. REITs"
        ],
        "return": 0.062,
        "volatility": 0.17648439317541356,
        "minWeight": 0.0,
        "maxWeight": 0.0,
        "sourceMapping": "Average of available source assumptions"
      },
      {
        "name": "Commodities",
        "category": "Alternatives",
        "sourceNames": [
          "Commodities"
        ],
        "return": 0.0475,
        "volatility": 0.17509215541183726,
        "minWeight": 0.0,
        "maxWeight": 0.0,
        "sourceMapping": "Average of available source assumptions"
      },
      {
        "name": "US Short Treasuries",
        "category": "Fixed Income",
        "sourceNames": [
          "U.S. Short Duration Government/Credit"
        ],
        "return": 0.0395,
        "volatility": 0.01666129054155747,
        "minWeight": 0.0,
        "maxWeight": 0.4,
        "sourceMapping": "Average of available source assumptions"
      },
      {
        "name": "US Intermediate Treasuries",
        "category": "Fixed Income",
        "sourceNames": [
          "U.S. Intermediate Treasuries"
        ],
        "return": 0.04,
        "volatility": 0.042905959374092625,
        "minWeight": 0.0,
        "maxWeight": 0.8,
        "sourceMapping": "Average of available source assumptions"
      },
      {
        "name": "US Long Treasuries",
        "category": "Fixed Income",
        "sourceNames": [
          "U.S. Long Treasuries"
        ],
        "return": 0.05,
        "volatility": 0.11707629730445407,
        "minWeight": 0.0,
        "maxWeight": 0.0,
        "sourceMapping": "Average of available source assumptions"
      },
      {
        "name": "Investment Grade Corporate",
        "category": "Fixed Income",
        "sourceNames": [
          "U.S. Inv Grade Corporate Bonds"
        ],
        "return": 0.049,
        "volatility": 0.06894108283296449,
        "minWeight": 0.0,
        "maxWeight": 0.15,
        "sourceMapping": "Average of available source assumptions"
      },
      {
        "name": "High Yield",
        "category": "Fixed Income",
        "sourceNames": [
          "U.S. High Yield Bonds"
        ],
        "return": 0.056499999999999995,
        "volatility": 0.0916902728607799,
        "minWeight": 0.0,
        "maxWeight": 0.05,
        "sourceMapping": "Average of available source assumptions"
      },
      {
        "name": "International Fixed Income (H)",
        "category": "Fixed Income",
        "sourceNames": [
          "World Government Bonds hedged"
        ],
        "return": 0.0445,
        "volatility": 0.04507631840875608,
        "minWeight": 0.0,
        "maxWeight": 0.0,
        "sourceMapping": "Average of available source assumptions"
      },
      {
        "name": "Cash",
        "category": "Cash",
        "sourceNames": [
          "U.S. Cash"
        ],
        "return": 0.033,
        "volatility": 0.00884649521089743,
        "minWeight": 0.01,
        "maxWeight": 0.01,
        "sourceMapping": "Average of available source assumptions"
      }
    ],
    "JPM 2026": [
      {
        "name": "U.S. Large Cap",
        "category": "Equity",
        "sourceNames": [
          "U.S. Large Cap"
        ],
        "return": 0.067,
        "volatility": 0.16470142484350958,
        "minWeight": 0.0,
        "maxWeight": 0.45,
        "sourceMapping": "U.S. Large Cap"
      },
      {
        "name": "U.S. Mid Cap",
        "category": "Equity",
        "sourceNames": [
          "U.S. Mid Cap"
        ],
        "return": 0.07,
        "volatility": 0.18562979265648727,
        "minWeight": 0.0,
        "maxWeight": 0.1,
        "sourceMapping": "U.S. Mid Cap"
      },
      {
        "name": "U.S. Small Cap",
        "category": "Equity",
        "sourceNames": [
          "U.S. Small Cap"
        ],
        "return": 0.069,
        "volatility": 0.2109707128132829,
        "minWeight": 0.0,
        "maxWeight": 0.03,
        "sourceMapping": "U.S. Small Cap"
      },
      {
        "name": "U.S. Value",
        "category": "Equity",
        "sourceNames": [
          "U.S. Equity Value Factor"
        ],
        "return": 0.077,
        "volatility": 0.17700476908450113,
        "minWeight": 0.0,
        "maxWeight": 0.07,
        "sourceMapping": "U.S. Equity Value Factor"
      },
      {
        "name": "U.S. Growth",
        "category": "Equity",
        "sourceNames": [
          "U.S. Large Cap"
        ],
        "return": 0.046,
        "volatility": 0.163,
        "minWeight": 0.0,
        "maxWeight": 0.07,
        "sourceMapping": "JPM 2026 did not publish a distinct assumption for this sleeve; AVERAGE assumptions are used."
      },
      {
        "name": "U.S. Income",
        "category": "Equity",
        "sourceNames": [
          "U.S. Equity Dividend Yield Factor"
        ],
        "return": 0.077,
        "volatility": 0.16356943364767593,
        "minWeight": 0.0,
        "maxWeight": 0.07,
        "sourceMapping": "U.S. Equity Dividend Yield Factor"
      },
      {
        "name": "U.S. Quality",
        "category": "Equity",
        "sourceNames": [
          "U.S. Equity Quality Factor"
        ],
        "return": 0.067,
        "volatility": 0.15107618227645836,
        "minWeight": 0.0,
        "maxWeight": 0.07,
        "sourceMapping": "U.S. Equity Quality Factor"
      },
      {
        "name": "International Developed Equity",
        "category": "Equity",
        "sourceNames": [
          "EAFE Equity"
        ],
        "return": 0.081,
        "volatility": 0.17629456614025432,
        "minWeight": 0.0,
        "maxWeight": 0.15,
        "sourceMapping": "EAFE Equity"
      },
      {
        "name": "Emerging Markets Equity",
        "category": "Equity",
        "sourceNames": [
          "Emerging Markets Equity"
        ],
        "return": 0.072,
        "volatility": 0.20933182803592407,
        "minWeight": 0.0,
        "maxWeight": 0.03,
        "sourceMapping": "Emerging Markets Equity"
      },
      {
        "name": "U.S. REITs",
        "category": "Alternatives",
        "sourceNames": [
          "U.S. REITs"
        ],
        "return": 0.08,
        "volatility": 0.17396878635082713,
        "minWeight": 0.0,
        "maxWeight": 0.0,
        "sourceMapping": "U.S. REITs"
      },
      {
        "name": "Commodities",
        "category": "Alternatives",
        "sourceNames": [
          "Commodities"
        ],
        "return": 0.038,
        "volatility": 0.1831843108236745,
        "minWeight": 0.0,
        "maxWeight": 0.0,
        "sourceMapping": "Commodities"
      },
      {
        "name": "US Short Treasuries",
        "category": "Fixed Income",
        "sourceNames": [
          "U.S. Short Duration Government/Credit"
        ],
        "return": 0.039,
        "volatility": 0.01632258108311494,
        "minWeight": 0.0,
        "maxWeight": 0.4,
        "sourceMapping": "Proxy: U.S. Short Duration Government/Credit"
      },
      {
        "name": "US Intermediate Treasuries",
        "category": "Fixed Income",
        "sourceNames": [
          "U.S. Intermediate Treasuries"
        ],
        "return": 0.038,
        "volatility": 0.03481191874818525,
        "minWeight": 0.0,
        "maxWeight": 0.8,
        "sourceMapping": "U.S. Intermediate Treasuries"
      },
      {
        "name": "US Long Treasuries",
        "category": "Fixed Income",
        "sourceNames": [
          "U.S. Long Treasuries"
        ],
        "return": 0.043,
        "volatility": 0.13015259460890813,
        "minWeight": 0.0,
        "maxWeight": 0.0,
        "sourceMapping": "U.S. Long Treasuries"
      },
      {
        "name": "Investment Grade Corporate",
        "category": "Fixed Income",
        "sourceNames": [
          "U.S. Inv Grade Corporate Bonds"
        ],
        "return": 0.05,
        "volatility": 0.07388216566592899,
        "minWeight": 0.0,
        "maxWeight": 0.15,
        "sourceMapping": "U.S. Inv Grade Corporate Bonds"
      },
      {
        "name": "High Yield",
        "category": "Fixed Income",
        "sourceNames": [
          "U.S. High Yield Bonds"
        ],
        "return": 0.061,
        "volatility": 0.08738054572155979,
        "minWeight": 0.0,
        "maxWeight": 0.05,
        "sourceMapping": "U.S. High Yield Bonds"
      },
      {
        "name": "International Fixed Income (H)",
        "category": "Fixed Income",
        "sourceNames": [
          "World Government Bonds hedged"
        ],
        "return": 0.039,
        "volatility": 0.04015263681751216,
        "minWeight": 0.0,
        "maxWeight": 0.0,
        "sourceMapping": "World Government Bonds hedged"
      },
      {
        "name": "Cash",
        "category": "Cash",
        "sourceNames": [
          "U.S. Cash"
        ],
        "return": 0.031,
        "volatility": 0.006692990421794862,
        "minWeight": 0.01,
        "maxWeight": 0.01,
        "sourceMapping": "U.S. Cash"
      }
    ],
    "Vanguard 2026": [
      {
        "name": "U.S. Large Cap",
        "category": "Equity",
        "sourceNames": [
          "U.S. Large Cap"
        ],
        "return": 0.051,
        "volatility": 0.15,
        "minWeight": 0.0,
        "maxWeight": 0.45,
        "sourceMapping": "Vanguard U.S. large-cap"
      },
      {
        "name": "U.S. Mid Cap",
        "category": "Equity",
        "sourceNames": [
          "U.S. Mid Cap"
        ],
        "return": 0.052,
        "volatility": 0.151,
        "minWeight": 0.0,
        "maxWeight": 0.1,
        "sourceMapping": "Vanguard U.S. equities proxy"
      },
      {
        "name": "U.S. Small Cap",
        "category": "Equity",
        "sourceNames": [
          "U.S. Small Cap"
        ],
        "return": 0.057,
        "volatility": 0.197,
        "minWeight": 0.0,
        "maxWeight": 0.03,
        "sourceMapping": "Vanguard U.S. small-cap"
      },
      {
        "name": "U.S. Value",
        "category": "Equity",
        "sourceNames": [
          "U.S. Equity Value Factor"
        ],
        "return": 0.074,
        "volatility": 0.19,
        "minWeight": 0.0,
        "maxWeight": 0.07,
        "sourceMapping": "Vanguard U.S. value"
      },
      {
        "name": "U.S. Growth",
        "category": "Equity",
        "sourceNames": [
          "U.S. Large Cap"
        ],
        "return": 0.046,
        "volatility": 0.163,
        "minWeight": 0.0,
        "maxWeight": 0.07,
        "sourceMapping": "Vanguard U.S. growth"
      },
      {
        "name": "U.S. Income",
        "category": "Equity",
        "sourceNames": [
          "U.S. Equity Dividend Yield Factor"
        ],
        "return": 0.077,
        "volatility": 0.16356943364767593,
        "minWeight": 0.0,
        "maxWeight": 0.07,
        "sourceMapping": "Vanguard 2026 did not publish a distinct assumption for this sleeve; AVERAGE assumptions are used."
      },
      {
        "name": "U.S. Quality",
        "category": "Equity",
        "sourceNames": [
          "U.S. Equity Quality Factor"
        ],
        "return": 0.067,
        "volatility": 0.15107618227645836,
        "minWeight": 0.0,
        "maxWeight": 0.07,
        "sourceMapping": "Vanguard 2026 did not publish a distinct assumption for this sleeve; AVERAGE assumptions are used."
      },
      {
        "name": "International Developed Equity",
        "category": "Equity",
        "sourceNames": [
          "EAFE Equity"
        ],
        "return": 0.055,
        "volatility": 0.18,
        "minWeight": 0.0,
        "maxWeight": 0.15,
        "sourceMapping": "Vanguard developed markets ex-U.S. equities (unhedged)"
      },
      {
        "name": "Emerging Markets Equity",
        "category": "Equity",
        "sourceNames": [
          "Emerging Markets Equity"
        ],
        "return": 0.03,
        "volatility": 0.251,
        "minWeight": 0.0,
        "maxWeight": 0.03,
        "sourceMapping": "Vanguard emerging markets equities (unhedged)"
      },
      {
        "name": "U.S. REITs",
        "category": "Alternatives",
        "sourceNames": [
          "U.S. REITs"
        ],
        "return": 0.044,
        "volatility": 0.179,
        "minWeight": 0.0,
        "maxWeight": 0.0,
        "sourceMapping": "Vanguard U.S. REITs"
      },
      {
        "name": "Commodities",
        "category": "Alternatives",
        "sourceNames": [
          "Commodities"
        ],
        "return": 0.057,
        "volatility": 0.167,
        "minWeight": 0.0,
        "maxWeight": 0.0,
        "sourceMapping": "Vanguard Commodities"
      },
      {
        "name": "US Short Treasuries",
        "category": "Fixed Income",
        "sourceNames": [
          "U.S. Short Duration Government/Credit"
        ],
        "return": 0.04,
        "volatility": 0.017,
        "minWeight": 0.0,
        "maxWeight": 0.4,
        "sourceMapping": "Vanguard U.S. short-term Treasury bonds"
      },
      {
        "name": "US Intermediate Treasuries",
        "category": "Fixed Income",
        "sourceNames": [
          "U.S. Intermediate Treasuries"
        ],
        "return": 0.042,
        "volatility": 0.051,
        "minWeight": 0.0,
        "maxWeight": 0.8,
        "sourceMapping": "Vanguard U.S. intermediate-term Treasury bonds"
      },
      {
        "name": "US Long Treasuries",
        "category": "Fixed Income",
        "sourceNames": [
          "U.S. Long Treasuries"
        ],
        "return": 0.057,
        "volatility": 0.104,
        "minWeight": 0.0,
        "maxWeight": 0.0,
        "sourceMapping": "Vanguard U.S. long-term Treasury bonds"
      },
      {
        "name": "Investment Grade Corporate",
        "category": "Fixed Income",
        "sourceNames": [
          "U.S. Inv Grade Corporate Bonds"
        ],
        "return": 0.048,
        "volatility": 0.064,
        "minWeight": 0.0,
        "maxWeight": 0.15,
        "sourceMapping": "Vanguard U.S. credit"
      },
      {
        "name": "High Yield",
        "category": "Fixed Income",
        "sourceNames": [
          "U.S. High Yield Bonds"
        ],
        "return": 0.052,
        "volatility": 0.096,
        "minWeight": 0.0,
        "maxWeight": 0.05,
        "sourceMapping": "Vanguard U.S. high-yield corporate bonds"
      },
      {
        "name": "International Fixed Income (H)",
        "category": "Fixed Income",
        "sourceNames": [
          "World Government Bonds hedged"
        ],
        "return": 0.05,
        "volatility": 0.05,
        "minWeight": 0.0,
        "maxWeight": 0.0,
        "sourceMapping": "Vanguard global ex-U.S. aggregate bonds hedged"
      },
      {
        "name": "Cash",
        "category": "Cash",
        "sourceNames": [
          "U.S. Cash"
        ],
        "return": 0.035,
        "volatility": 0.011,
        "minWeight": 0.01,
        "maxWeight": 0.01,
        "sourceMapping": "Vanguard U.S. cash"
      }
    ]
  },
  "volatilityModel": {
    "mode": "feasiblePercentile",
    "profiles": {
      "Conservative": {
        "percentile": 25.0,
        "halfWidth": 0.005
      },
      "Balanced": {
        "percentile": 40.0,
        "halfWidth": 0.005
      },
      "Moderate": {
        "percentile": 55.0,
        "halfWidth": 0.003
      },
      "Growth": {
        "percentile": 70.0,
        "halfWidth": 0.005
      },
      "Aggressive Growth": {
        "percentile": 85.0,
        "halfWidth": 0.005
      }
    }
  },
  "profiles": {
    "Conservative": {
      "targetVolMin": 0.07200000000000001,
      "targetVolMax": 0.08200000000000002,
      "categoryBounds": {
        "Equity": {
          "min": 0.3,
          "max": 0.5
        },
        "Fixed Income": {
          "min": 0.55,
          "max": 0.75
        },
        "Alternatives": {
          "min": 0.0,
          "max": 0.0
        },
        "Cash": {
          "min": 0.01,
          "max": 0.01
        }
      }
    },
    "Balanced": {
      "targetVolMin": 0.1,
      "targetVolMax": 0.11000000000000001,
      "categoryBounds": {
        "Equity": {
          "min": 0.55,
          "max": 0.65
        },
        "Fixed Income": {
          "min": 0.35,
          "max": 0.55
        },
        "Alternatives": {
          "min": 0.0,
          "max": 0.0
        },
        "Cash": {
          "min": 0.01,
          "max": 0.01
        }
      }
    },
    "Moderate": {
      "targetVolMin": 0.127,
      "targetVolMax": 0.133,
      "categoryBounds": {
        "Equity": {
          "min": 0.65,
          "max": 0.75
        },
        "Fixed Income": {
          "min": 0.25,
          "max": 0.4
        },
        "Alternatives": {
          "min": 0.0,
          "max": 0.0
        },
        "Cash": {
          "min": 0.01,
          "max": 0.01
        }
      }
    },
    "Growth": {
      "targetVolMin": 0.153,
      "targetVolMax": 0.163,
      "categoryBounds": {
        "Equity": {
          "min": 0.75,
          "max": 0.85
        },
        "Fixed Income": {
          "min": 0.1,
          "max": 0.25
        },
        "Alternatives": {
          "min": 0.0,
          "max": 0.0
        },
        "Cash": {
          "min": 0.01,
          "max": 0.01
        }
      }
    },
    "Aggressive Growth": {
      "targetVolMin": 0.18,
      "targetVolMax": 0.19,
      "categoryBounds": {
        "Equity": {
          "min": 0.9,
          "max": 1.0
        },
        "Fixed Income": {
          "min": 0.0,
          "max": 0.12
        },
        "Alternatives": {
          "min": 0.0,
          "max": 0.0
        },
        "Cash": {
          "min": 0.01,
          "max": 0.01
        }
      }
    }
  },
  "correlation": [
    [
      1.0,
      0.9569133506553145,
      0.8959276377852491,
      0.9616151781923858,
      1.0,
      0.9204012160320161,
      0.987221580045187,
      0.8744644481117605,
      0.7324630631558897,
      0.7706193825977469,
      0.4216306619072533,
      0.15576259901998596,
      -0.013374486917960048,
      0.015361012375680813,
      0.5079466061325676,
      0.748668387318434,
      0.14174161820123404,
      0.009945165487468604
    ],
    [
      0.9569133506553145,
      1.0,
      0.9513695865046233,
      0.964391851666642,
      0.9569133506553145,
      0.9392553071590013,
      0.9531751183702697,
      0.8659525921392494,
      0.741982190316949,
      0.7916837185869157,
      0.43746171751382507,
      0.13272640402105226,
      -0.05309383217171156,
      -0.0034415489179094308,
      0.5151785222592495,
      0.7876659096061319,
      0.10500214686096013,
      -0.023536406691057648
    ],
    [
      0.8959276377852491,
      0.9513695865046233,
      1.0,
      0.9278807519068252,
      0.8959276377852491,
      0.8859776017785608,
      0.892426324513518,
      0.7837763491480659,
      0.6599315110534464,
      0.7542646511170409,
      0.3549810085491035,
      0.08228043903130776,
      -0.08086038290862191,
      -0.049840664170397966,
      0.4245655379387125,
      0.7115868929630499,
      0.062051487037494545,
      -0.03247890005172854
    ],
    [
      0.9616151781923858,
      0.964391851666642,
      0.9278807519068252,
      1.0,
      0.9616151781923858,
      0.9639156831507641,
      0.9567245459242892,
      0.8638213308160533,
      0.719913206200104,
      0.7830037931811437,
      0.41302638799229585,
      0.13374184928117494,
      -0.050192930744335604,
      -0.039354354765404546,
      0.4667305189947441,
      0.746668408348923,
      0.08897875252925229,
      -0.026055583112510813
    ],
    [
      1.0,
      0.9569133506553145,
      0.8959276377852491,
      0.9616151781923858,
      1.0,
      0.9204012160320161,
      0.987221580045187,
      0.8744644481117605,
      0.7324630631558897,
      0.7706193825977469,
      0.4216306619072533,
      0.15576259901998596,
      -0.013374486917960048,
      0.015361012375680813,
      0.5079466061325676,
      0.748668387318434,
      0.14174161820123404,
      0.009945165487468604
    ],
    [
      0.9204012160320161,
      0.9392553071590013,
      0.8859776017785608,
      0.9639156831507641,
      0.9204012160320161,
      1.0,
      0.9275842859971467,
      0.8486290736590517,
      0.7160187868333344,
      0.8094489131173057,
      0.453509082093938,
      0.1469269569949989,
      -0.02787335839729903,
      -0.0010562341374462394,
      0.4948508133649217,
      0.7371361790923441,
      0.10192792418477753,
      -0.057677105350829254
    ],
    [
      0.987221580045187,
      0.9531751183702697,
      0.892426324513518,
      0.9567245459242892,
      0.987221580045187,
      0.9275842859971467,
      1.0,
      0.865311385296292,
      0.7127867124804736,
      0.7800452624727163,
      0.3950425134055425,
      0.17016736198868918,
      0.01083977671878055,
      0.03559518403923621,
      0.5173687978071208,
      0.7345044536145401,
      0.16244110408644713,
      0.013576501429167238
    ],
    [
      0.8744644481117605,
      0.8659525921392494,
      0.7837763491480659,
      0.8638213308160533,
      0.8744644481117605,
      0.8486290736590517,
      0.865311385296292,
      1.0,
      0.8570081531218714,
      0.711912566558392,
      0.5008168531394112,
      0.2525416944901411,
      0.022703735991851947,
      0.015973317500079832,
      0.5630183263706356,
      0.7698326797683812,
      0.11406221708015171,
      0.049745689421181544
    ],
    [
      0.7324630631558897,
      0.741982190316949,
      0.6599315110534464,
      0.719913206200104,
      0.7324630631558897,
      0.7160187868333344,
      0.7127867124804736,
      0.8570081531218714,
      1.0,
      0.5904385495689529,
      0.5443464480704072,
      0.24054755766756905,
      -0.0006710624249562835,
      0.022794505935910696,
      0.5427576213393676,
      0.7155522172361467,
      0.08068119148572897,
      0.03184710511952802
    ],
    [
      0.7706193825977469,
      0.7916837185869157,
      0.7542646511170409,
      0.7830037931811437,
      0.7706193825977469,
      0.8094489131173057,
      0.7800452624727163,
      0.711912566558392,
      0.5904385495689529,
      1.0,
      0.2932707391798624,
      0.20760291255952742,
      0.13362864398846439,
      0.22585174804098854,
      0.5480288615252059,
      0.680093989141126,
      0.28582824636371407,
      -0.046452609767631665
    ],
    [
      0.4216306619072533,
      0.43746171751382507,
      0.3549810085491035,
      0.41302638799229585,
      0.4216306619072533,
      0.453509082093938,
      0.3950425134055425,
      0.5008168531394112,
      0.5443464480704072,
      0.2932707391798624,
      1.0,
      0.01993221811578248,
      -0.15629366607325973,
      -0.2072911045709191,
      0.1853843713606825,
      0.42715616876410184,
      -0.20048474922523163,
      -0.03367035015607306
    ],
    [
      0.15576259901998596,
      0.13272640402105226,
      0.08228043903130776,
      0.13374184928117494,
      0.15576259901998596,
      0.1469269569949989,
      0.17016736198868918,
      0.2525416944901411,
      0.24054755766756905,
      0.20760291255952742,
      0.01993221811578248,
      1.0,
      0.854118982553715,
      0.610271566102161,
      0.6723219370174565,
      0.3083196273760284,
      0.7408579164578875,
      0.31501915473476155
    ],
    [
      -0.013374486917960048,
      -0.05309383217171156,
      -0.08086038290862191,
      -0.050192930744335604,
      -0.013374486917960048,
      -0.02787335839729903,
      0.01083977671878055,
      0.022703735991851947,
      -0.0006710624249562835,
      0.13362864398846439,
      -0.15629366607325973,
      0.854118982553715,
      1.0,
      0.8374788647168672,
      0.5477068433850012,
      0.025885982971712924,
      0.8681648247259405,
      0.19602301923101945
    ],
    [
      0.015361012375680813,
      -0.0034415489179094308,
      -0.049840664170397966,
      -0.039354354765404546,
      0.015361012375680813,
      -0.0010562341374462394,
      0.03559518403923621,
      0.015973317500079832,
      0.022794505935910696,
      0.22585174804098854,
      -0.2072911045709191,
      0.610271566102161,
      0.8374788647168672,
      1.0,
      0.6236081419095597,
      0.0412544669936988,
      0.8670611405593972,
      0.046685492275322815
    ],
    [
      0.5079466061325676,
      0.5151785222592495,
      0.4245655379387125,
      0.4667305189947441,
      0.5079466061325676,
      0.4948508133649217,
      0.5173687978071208,
      0.5630183263706356,
      0.5427576213393676,
      0.5480288615252059,
      0.1853843713606825,
      0.6723219370174565,
      0.5477068433850012,
      0.6236081419095597,
      1.0,
      0.6690610615784665,
      0.6809650573460813,
      0.01935614357740469
    ],
    [
      0.748668387318434,
      0.7876659096061319,
      0.7115868929630499,
      0.746668408348923,
      0.748668387318434,
      0.7371361790923441,
      0.7345044536145401,
      0.7698326797683812,
      0.7155522172361467,
      0.680093989141126,
      0.42715616876410184,
      0.3083196273760284,
      0.025885982971712924,
      0.0412544669936988,
      0.6690610615784665,
      1.0,
      0.16726204006604498,
      -0.03486332233946718
    ],
    [
      0.14174161820123404,
      0.10500214686096013,
      0.062051487037494545,
      0.08897875252925229,
      0.14174161820123404,
      0.10192792418477753,
      0.16244110408644713,
      0.11406221708015171,
      0.08068119148572897,
      0.28582824636371407,
      -0.20048474922523163,
      0.7408579164578875,
      0.8681648247259405,
      0.8670611405593972,
      0.6809650573460813,
      0.16726204006604498,
      1.0,
      0.12218889595799864
    ],
    [
      0.009945165487468604,
      -0.023536406691057648,
      -0.03247890005172854,
      -0.026055583112510813,
      0.009945165487468604,
      -0.057677105350829254,
      0.013576501429167238,
      0.049745689421181544,
      0.03184710511952802,
      -0.046452609767631665,
      -0.03367035015607306,
      0.31501915473476155,
      0.19602301923101945,
      0.046685492275322815,
      0.01935614357740469,
      -0.03486332233946718,
      0.12218889595799864,
      1.0
    ]
  ]
}